0	29.312866 +- 7.286711
1	29.633162 +- 6.943495
2	28.755185 +- 7.624101
3	28.908207 +- 7.555865
4	28.714412 +- 7.568944
5	28.323938 +- 7.809183
6	28.396352 +- 7.746672
7	27.212855 +- 8.248852
8	27.765756 +- 8.147786
9	27.455185 +- 8.262898
10	26.863599 +- 8.556985
11	27.250960 +- 8.433819
12	25.889863 +- 8.787740
13	26.450003 +- 8.719335
14	25.988688 +- 8.830174
15	25.743634 +- 9.004511
16	26.129657 +- 8.939751
17	24.842395 +- 9.147101
18	25.375460 +- 9.126574
19	25.103760 +- 9.176026
20	24.589901 +- 9.358640
21	24.884109 +- 9.363738
22	23.747179 +- 9.432787
23	24.258784 +- 9.443647
24	24.092676 +- 9.475349
25	23.706095 +- 9.607096
26	23.727740 +- 9.660789
27	22.662480 +- 9.650307
28	23.262830 +- 9.651674
29	22.953653 +- 9.716203
30	22.590350 +- 9.817759
31	22.702673 +- 9.874218
32	21.458688 +- 9.784248
33	22.172648 +- 9.815184
34	21.927219 +- 9.874011
35	21.522527 +- 9.951762
36	21.610084 +- 10.030680
37	20.570818 +- 9.911345
38	21.255568 +- 9.944346
39	20.724405 +- 9.957127
40	20.187129 +- 10.007548
41	20.581228 +- 10.094987
42	19.670777 +- 9.983231
43	20.525805 +- 10.025532
44	19.908710 +- 10.003057
45	19.514547 +- 10.042238
46	19.520330 +- 10.100848
47	18.607966 +- 9.928224
48	19.358279 +- 10.030039
49	19.084452 +- 10.038943
