0	17.294589 +- 11.204712
1	20.110220 +- 11.047082
2	17.356713 +- 11.764294
3	15.683367 +- 12.500440
4	15.030060 +- 11.655578
5	16.054108 +- 11.573889
6	19.242485 +- 11.390976
7	15.849699 +- 12.299943
8	15.671343 +- 12.273007
9	13.881764 +- 10.573136
10	15.857715 +- 11.422069
11	18.917836 +- 10.827196
12	15.110220 +- 11.290695
13	14.318637 +- 11.648150
14	13.897796 +- 11.236396
15	14.192385 +- 10.681359
16	17.965932 +- 10.845985
17	14.028056 +- 10.261990
18	14.000000 +- 11.015141
19	12.044088 +- 9.930990
20	12.454910 +- 9.909200
21	14.771543 +- 10.354941
22	13.072144 +- 10.122880
23	12.468938 +- 10.036907
24	10.885772 +- 9.096370
25	12.012024 +- 9.450986
26	14.136273 +- 9.580847
27	11.194389 +- 8.781386
28	11.801603 +- 9.281990
29	10.218437 +- 8.640196
30	11.356713 +- 8.917347
31	14.202405 +- 9.425736
32	10.577154 +- 7.930139
33	10.466934 +- 8.391070
34	8.729459 +- 7.550962
35	10.549098 +- 8.344195
36	12.565130 +- 9.060554
37	9.951904 +- 7.619575
38	12.392786 +- 7.490424
39	9.434870 +- 7.684888
40	9.384770 +- 7.634750
41	10.899800 +- 7.986307
42	10.985972 +- 6.659369
43	11.761523 +- 6.945950
44	8.873747 +- 6.916462
45	8.743487 +- 7.071233
46	9.951904 +- 7.891692
47	10.751503 +- 6.175672
48	10.298597 +- 6.436672
49	9.446894 +- 6.923759
