	0	20.907208	8.446037	0	29.312866 +- 7.286711
1	20.444017	8.469743	1	29.633162 +- 6.943495
2	20.308003	9.324625	2	28.755185 +- 7.624101
3	20.416367	9.333351	3	28.908207 +- 7.555865
4	16.384931	8.980474	4	28.714412 +- 7.568944
5	19.099284	9.166879	5	28.323938 +- 7.809183
6	19.691859	9.028046	6	28.396352 +- 7.746672
7	19.862202	9.435679	7	27.212855 +- 8.248852
8	19.733094	9.421569	8	27.765756 +- 8.147786
9	16.567408	9.167776	9	27.455185 +- 8.262898
10	18.011532	9.386331	10	26.863599 +- 8.556985
11	19.498182	9.188448	11	27.250960 +- 8.433819
12	19.082756	9.561419	12	25.889863 +- 8.787740
13	19.274700	9.547939	13	26.450003 +- 8.719335
14	16.742132	9.337413	14	25.988688 +- 8.830174
15	17.022024	9.392081	15	25.743634 +- 9.004511
16	19.423933	9.289697	16	26.129657 +- 8.939751
17	17.884490	9.439651	17	24.842395 +- 9.147101
18	18.415895	9.505702	18	25.375460 +- 9.126574
19	14.824901	9.084709	19	25.103760 +- 9.176026
20	14.477754	9.033197	20	24.589901 +- 9.358640
21	18.204501	9.307868	21	24.884109 +- 9.363738
22	17.098284	9.338846	22	23.747179 +- 9.432787
23	17.236094	9.361097	23	24.258784 +- 9.443647
24	14.002995	8.964639	24	24.092676 +- 9.475349
25	12.996850	8.626055	25	23.706095 +- 9.607096
26	17.288546	9.300600	26	23.727740 +- 9.660789
27	15.702852	9.127290	27	22.662480 +- 9.650307
28	15.983488	9.223201	28	23.262830 +- 9.651674
29	13.423110	8.786815	29	22.953653 +- 9.716203
30	13.272294	8.748835	30	22.590350 +- 9.817759
31	15.154285	8.900232	31	22.702673 +- 9.874218
32	14.538845	8.812826	32	21.458688 +- 9.784248
33	14.815838	8.919786	33	22.172648 +- 9.815184
34	12.837480	8.607251	34	21.927219 +- 9.874011
35	12.348874	8.421860	35	21.522527 +- 9.951762
36	14.452829	8.761584	36	21.610084 +- 10.030680
37	13.590995	8.500239	37	20.570818 +- 9.911345
38	13.910760	8.616122	38	21.255568 +- 9.944346
39	12.002223	8.285795	39	20.724405 +- 9.957127
40	11.601801	8.120688	40	20.187129 +- 10.007548
41	13.318912	8.429087	41	20.581228 +- 10.094987
42	12.481420	8.084542	42	19.670777 +- 9.983231
43	12.896216	8.235352	43	20.525805 +- 10.025532
44	11.548486	8.046548	44	19.908710 +- 10.003057
45	10.144798	7.355932	45	19.514547 +- 10.042238
46	11.902700	8.074199	46	19.520330 +- 10.100848
47	11.548149	7.672926	47	18.607966 +- 9.928224
48	11.690541	7.773703	48	19.358279 +- 10.030039
49	11.470788	7.846774	49	19.084452 +- 10.038943
